379.000000 1.000000
179.000000 0.980000
145.000000 0.960000
126.000000 0.940000
123.000000 0.920000
117.000000 0.900000
114.000000 0.880000
113.000000 0.860000
108.000000 0.840000
104.000000 0.820000
103.000000 0.800000
98.000000 0.780000
97.000000 0.740000
92.000000 0.720000
90.000000 0.700000
87.000000 0.660000
86.000000 0.640000
83.000000 0.640000
80.000000 0.620000
79.000000 0.560000
78.000000 0.540000
77.000000 0.500000
76.000000 0.500000
74.000000 0.480000
73.000000 0.480000
72.000000 0.480000
71.000000 0.440000
70.000000 0.420000
68.000000 0.400000
66.000000 0.400000
65.000000 0.380000
64.000000 0.380000
62.000000 0.360000
61.000000 0.340000
60.000000 0.280000
59.000000 0.280000
58.000000 0.260000
57.000000 0.220000
56.000000 0.220000
55.000000 0.180000
54.000000 0.180000
53.000000 0.180000
52.000000 0.180000
51.000000 0.160000
50.000000 0.160000
49.000000 0.120000
48.000000 0.100000
47.000000 0.080000
46.000000 0.060000
44.000000 0.060000
42.000000 0.060000
40.000000 0.060000
39.000000 0.020000
38.000000 0.020000
37.000000 0.000000
36.000000 0.000000
34.000000 0.000000
33.000000 0.000000
32.000000 0.000000
31.000000 0.000000
29.000000 0.000000
27.000000 0.000000
25.000000 0.000000
24.000000 0.000000
21.000000 0.000000
21.000000 0.000000
