2.414013 1.000000
2.093023 0.980000
1.733333 0.960000
1.714286 0.940000
1.481013 0.940000
1.450000 0.920000
1.387597 0.900000
1.166667 0.880000
1.095238 0.860000
1.072464 0.860000
1.054054 0.860000
0.909091 0.860000
0.888889 0.860000
0.863636 0.860000
0.846154 0.840000
0.781250 0.840000
0.765101 0.840000
0.738318 0.820000
0.693069 0.800000
0.687500 0.780000
0.687023 0.780000
0.670213 0.760000
0.666667 0.740000
0.631579 0.740000
0.613636 0.740000
0.604167 0.740000
0.593407 0.740000
0.575758 0.720000
0.574586 0.700000
0.560000 0.680000
0.557377 0.680000
0.543478 0.680000
0.540984 0.660000
0.538462 0.660000
0.529801 0.640000
0.527473 0.620000
0.521739 0.600000
0.519231 0.600000
0.515152 0.600000
0.512195 0.600000
0.510000 0.600000
0.509934 0.600000
0.507692 0.600000
0.500000 0.580000
0.494624 0.540000
0.488636 0.540000
0.487500 0.540000
0.470199 0.540000
0.459770 0.540000
0.450820 0.540000
0.449275 0.540000
0.447552 0.540000
0.431818 0.520000
0.429167 0.520000
0.427481 0.520000
0.425532 0.500000
0.423729 0.480000
0.423423 0.460000
0.419162 0.460000
0.408163 0.460000
0.398058 0.440000
0.397260 0.420000
0.395604 0.400000
0.395062 0.400000
0.393333 0.400000
0.390625 0.380000
0.387500 0.380000
0.385827 0.380000
0.380000 0.360000
0.373206 0.360000
0.371951 0.340000
0.371795 0.320000
0.370079 0.320000
0.367089 0.300000
0.365482 0.280000
0.363636 0.260000
0.358382 0.240000
0.354232 0.220000
0.350340 0.200000
0.346591 0.180000
0.340314 0.160000
0.339744 0.160000
0.337553 0.160000
0.335526 0.160000
0.333333 0.160000
0.327869 0.140000
0.327044 0.120000
0.323232 0.100000
0.320000 0.100000
0.312903 0.080000
0.305296 0.060000
0.299180 0.040000
0.294872 0.040000
0.293388 0.020000
0.276423 0.000000
0.259912 0.000000
0.252252 0.000000
0.252252 0.000000
