2.414013 1.000000
2.093023 1.000000
1.733333 1.000000
1.714286 1.000000
1.481013 0.979592
1.450000 0.979592
1.387597 0.979592
1.166667 0.979592
1.095238 0.979592
1.072464 0.959184
1.054054 0.938776
0.909091 0.918367
0.888889 0.897959
0.863636 0.877551
0.846154 0.877551
0.781250 0.857143
0.765101 0.836735
0.738318 0.836735
0.693069 0.836735
0.687500 0.836735
0.687023 0.816327
0.670213 0.816327
0.666667 0.816327
0.631579 0.795918
0.613636 0.775510
0.604167 0.755102
0.593407 0.734694
0.575758 0.734694
0.574586 0.734694
0.560000 0.734694
0.557377 0.714286
0.543478 0.693878
0.540984 0.693878
0.538462 0.673469
0.529801 0.673469
0.527473 0.673469
0.521739 0.673469
0.519231 0.653061
0.515152 0.632653
0.512195 0.612245
0.510000 0.591837
0.509934 0.571429
0.507692 0.551020
0.500000 0.551020
0.494624 0.530612
0.488636 0.510204
0.487500 0.489796
0.470199 0.469388
0.459770 0.448980
0.450820 0.428571
0.449275 0.408163
0.447552 0.387755
0.431818 0.387755
0.429167 0.367347
0.427481 0.346939
0.425532 0.346939
0.423729 0.346939
0.423423 0.346939
0.419162 0.326531
0.408163 0.306122
0.398058 0.306122
0.397260 0.306122
0.395604 0.306122
0.395062 0.285714
0.393333 0.265306
0.390625 0.265306
0.387500 0.244898
0.385827 0.224490
0.380000 0.224490
0.373206 0.204082
0.371951 0.204082
0.371795 0.204082
0.370079 0.183673
0.367089 0.183673
0.365482 0.183673
0.363636 0.183673
0.358382 0.183673
0.354232 0.183673
0.350340 0.183673
0.346591 0.183673
0.340314 0.183673
0.339744 0.163265
0.337553 0.142857
0.335526 0.122449
0.333333 0.102041
0.327869 0.102041
0.327044 0.102041
0.323232 0.102041
0.320000 0.081633
0.312903 0.081633
0.305296 0.081633
0.299180 0.081633
0.294872 0.061224
0.293388 0.061224
0.276423 0.061224
0.259912 0.040816
0.252252 0.020408
0.252252 0.000000
