1115.20325338
1100.20157283
998.562534859
975.014616983
938.383186275
827.679865755
807.34803039
794.342213648
793.220047219
682.17729613
680.650240612
670.580336094
656.844231927
656.041933643
650.989353504
574.154409903
570.047254062
567.805752618
563.426739471
525.891184485
486.67479513
460.991167095
433.537711186
430.048065968
428.634481572
424.693894609
420.893491423
409.494667342
381.515446589
377.331306855
375.367984979
373.113495152
352.797994204
311.515108656
302.022487876
277.598337846
255.220153809
245.215175451
243.458020281
228.390747194
225.086177131
224.385593233
209.989367326
209.365130005
202.611027129
179.241952572
175.933376609
175.594858429
104.913269587
