1741.6920978
1621.25113097
1478.19396142
1443.58379483
1408.74543811
1171.14776693
1123.65467141
1115.90738619
1110.84146874
1026.9564526
962.187921128
962.182468587
918.497937624
859.983800127
848.162833822
815.683393278
754.68678645
736.661510695
704.218255411
684.292409958
679.662148273
674.348379882
666.378734817
665.181972967
628.73856819
615.165454927
612.8814995
600.060682091
594.693422296
556.283934898
520.694971814
512.082280633
508.018852979
506.4670366
500.775890269
487.613690695
485.118984087
484.538515708
479.055016758
460.958509176
458.127634567
456.909887025
454.213724849
449.627691016
404.494189975
354.719283937
351.840381953
236.146868583
223.723852639
146.794687719
