1741.692098 1.000000
1621.251131 0.980000
1478.193961 0.960000
1443.583795 0.940000
1408.745438 0.920000
1171.147767 0.900000
1123.654671 0.880000
1115.907386 0.860000
1115.203253 0.840000
1110.841469 0.840000
1100.201573 0.820000
1026.956453 0.820000
998.562535 0.800000
975.014617 0.800000
962.187921 0.800000
962.182469 0.780000
938.383186 0.760000
918.497938 0.760000
859.983800 0.740000
848.162834 0.720000
827.679866 0.700000
815.683393 0.700000
807.348030 0.680000
794.342214 0.680000
793.220047 0.680000
754.686786 0.680000
736.661511 0.660000
704.218255 0.640000
684.292410 0.620000
682.177296 0.600000
680.650241 0.600000
679.662148 0.600000
674.348380 0.580000
670.580336 0.560000
666.378735 0.560000
665.181973 0.540000
656.844232 0.520000
656.041934 0.520000
650.989354 0.520000
628.738568 0.520000
615.165455 0.500000
612.881500 0.480000
600.060682 0.460000
594.693422 0.440000
574.154410 0.420000
570.047254 0.420000
567.805753 0.420000
563.426739 0.420000
556.283935 0.420000
525.891184 0.400000
520.694972 0.400000
512.082281 0.380000
508.018853 0.360000
506.467037 0.340000
500.775890 0.320000
487.613691 0.300000
486.674795 0.280000
485.118984 0.280000
484.538516 0.260000
479.055017 0.240000
460.991167 0.220000
460.958509 0.220000
458.127635 0.200000
456.909887 0.180000
454.213725 0.160000
449.627691 0.140000
433.537711 0.120000
430.048066 0.120000
428.634482 0.120000
424.693895 0.120000
420.893491 0.120000
409.494667 0.120000
404.494190 0.120000
381.515447 0.100000
377.331307 0.100000
375.367985 0.100000
373.113495 0.100000
354.719284 0.100000
352.797994 0.080000
351.840382 0.080000
311.515109 0.060000
302.022488 0.060000
277.598338 0.060000
255.220154 0.060000
245.215175 0.060000
243.458020 0.060000
236.146869 0.060000
228.390747 0.040000
225.086177 0.040000
224.385593 0.040000
223.723853 0.040000
209.989367 0.020000
209.365130 0.020000
202.611027 0.020000
179.241953 0.020000
175.933377 0.020000
175.594858 0.020000
146.794688 0.020000
104.913270 0.000000
104.913270 0.000000
