1741.692098 1.000000
1621.251131 1.000000
1478.193961 1.000000
1443.583795 1.000000
1408.745438 1.000000
1171.147767 1.000000
1123.654671 1.000000
1115.907386 1.000000
1115.203253 1.000000
1110.841469 0.979592
1100.201573 0.979592
1026.956453 0.959184
998.562535 0.959184
975.014617 0.938776
962.187921 0.918367
962.182469 0.918367
938.383186 0.918367
918.497938 0.897959
859.983800 0.897959
848.162834 0.897959
827.679866 0.897959
815.683393 0.877551
807.348030 0.877551
794.342214 0.857143
793.220047 0.836735
754.686786 0.816327
736.661511 0.816327
704.218255 0.816327
684.292410 0.816327
682.177296 0.816327
680.650241 0.795918
679.662148 0.775510
674.348380 0.775510
670.580336 0.775510
666.378735 0.755102
665.181973 0.755102
656.844232 0.755102
656.041934 0.734694
650.989354 0.714286
628.738568 0.693878
615.165455 0.693878
612.881500 0.693878
600.060682 0.693878
594.693422 0.693878
574.154410 0.693878
570.047254 0.673469
567.805753 0.653061
563.426739 0.632653
556.283935 0.612245
525.891184 0.612245
520.694972 0.591837
512.082281 0.591837
508.018853 0.591837
506.467037 0.591837
500.775890 0.591837
487.613691 0.591837
486.674795 0.591837
485.118984 0.571429
484.538516 0.571429
479.055017 0.571429
460.991167 0.571429
460.958509 0.551020
458.127635 0.551020
456.909887 0.551020
454.213725 0.551020
449.627691 0.551020
433.537711 0.551020
430.048066 0.530612
428.634482 0.510204
424.693895 0.489796
420.893491 0.469388
409.494667 0.448980
404.494190 0.428571
381.515447 0.428571
377.331307 0.408163
375.367985 0.387755
373.113495 0.367347
354.719284 0.346939
352.797994 0.346939
351.840382 0.326531
311.515109 0.326531
302.022488 0.306122
277.598338 0.285714
255.220154 0.265306
245.215175 0.244898
243.458020 0.224490
236.146869 0.204082
228.390747 0.204082
225.086177 0.183673
224.385593 0.163265
223.723853 0.142857
209.989367 0.142857
209.365130 0.122449
202.611027 0.102041
179.241953 0.081633
175.933377 0.061224
175.594858 0.040816
146.794688 0.020408
104.913270 0.020408
104.913270 0.000000
