0.000000 0.000000
0.000000 0.020000
0.000000 0.040000
0.000000 0.060000
0.000000 0.100000
0.000000 0.120000
0.000000 0.180000
0.000000 0.200000
0.000000 0.220000
0.000000 0.240000
0.000000 0.260000
0.000000 0.280000
0.000000 0.300000
0.000000 0.320000
0.000000 0.380000
0.000000 0.400000
0.000000 0.460000
0.000000 0.480000
0.000000 0.520000
0.000000 0.560000
0.000000 0.580000
0.000000 0.600000
0.000000 0.620000
0.000000 0.660000
0.000000 0.680000
0.000000 0.740000
0.000000 0.800000
0.020408 0.800000
0.020408 0.840000
0.020408 0.880000
0.020408 0.900000
0.040816 0.940000
0.081633 0.940000
0.102041 0.940000
0.122449 0.940000
0.122449 0.960000
0.122449 0.980000
0.142857 1.000000
0.163265 1.000000
0.204082 1.000000
0.224490 1.000000
0.285714 1.000000
0.346939 1.000000
0.428571 1.000000
0.510204 1.000000
0.612245 1.000000
0.673469 1.000000
0.734694 1.000000
0.795918 1.000000
0.836735 1.000000
0.857143 1.000000
0.918367 1.000000
0.938776 1.000000
0.959184 1.000000
1.000000 1.000000
