0.000000 0.000000
0.000000 0.020000
0.000000 0.040000
0.000000 0.060000
0.000000 0.080000
0.000000 0.100000
0.000000 0.120000
0.000000 0.140000
0.000000 0.160000
0.020408 0.160000
0.040816 0.160000
0.061224 0.160000
0.081633 0.160000
0.081633 0.180000
0.102041 0.180000
0.102041 0.200000
0.102041 0.240000
0.122449 0.240000
0.122449 0.260000
0.122449 0.280000
0.142857 0.280000
0.142857 0.300000
0.142857 0.320000
0.142857 0.340000
0.163265 0.360000
0.183673 0.360000
0.204082 0.360000
0.224490 0.380000
0.224490 0.400000
0.224490 0.420000
0.224490 0.440000
0.244898 0.440000
0.244898 0.460000
0.265306 0.460000
0.265306 0.480000
0.285714 0.480000
0.285714 0.500000
0.285714 0.520000
0.306122 0.520000
0.306122 0.540000
0.306122 0.560000
0.306122 0.580000
0.306122 0.600000
0.326531 0.600000
0.346939 0.600000
0.346939 0.620000
0.346939 0.640000
0.346939 0.660000
0.346939 0.680000
0.346939 0.700000
0.346939 0.720000
0.346939 0.740000
0.367347 0.740000
0.367347 0.760000
0.367347 0.780000
0.387755 0.780000
0.408163 0.780000
0.408163 0.800000
0.428571 0.800000
0.428571 0.820000
0.428571 0.840000
0.448980 0.840000
0.489796 0.840000
0.510204 0.840000
0.530612 0.840000
0.551020 0.840000
0.571429 0.840000
0.571429 0.860000
0.591837 0.860000
0.591837 0.880000
0.591837 0.900000
0.612245 0.900000
0.632653 0.900000
0.653061 0.900000
0.673469 0.900000
0.673469 0.920000
0.693878 0.920000
0.693878 0.940000
0.714286 0.940000
0.734694 0.940000
0.755102 0.940000
0.775510 0.940000
0.795918 0.940000
0.816327 0.940000
0.816327 0.960000
0.836735 0.960000
0.857143 0.960000
0.877551 0.960000
0.897959 0.980000
0.897959 1.000000
0.918367 1.000000
0.938776 1.000000
0.959184 1.000000
0.979592 1.000000
1.000000 1.000000
