* A C B E D G F I H K M L N Q P S R T W V Y X Z 
0.0 1.0 1.0 -6.0 -2.0 8.0 -7.0 4.0 -4.01305793784 0.366496760949 -1.0 4.0 1.0 2.0 -1.0 -7.95592766838 7.0 7.0 4.0 -8.0 -1.0 8.0 -1.0 6.45980120008 
1.0 -1.0 1.0 -4.0 -5.0 3.0 2.0 3.0 1.0 0.0 -7.0 -2.0 -9.0 8.0 -7.0 2.0 -4.0 -4.0 2.0 0.0 0.0 6.0 -7.0 8.0 
1.0 1.0 -6.0 1.0 5.0 2.0 4.0 -3.0 -5.0 -8.0 8.0 9.0 4.0 7.0 8.0 1.0 -2.0 -7.0 4.0 1.0 1.0 0.0 7.0 -2.5184704046 
-6.0 -4.0 1.0 6.0 0.0 0.0 0.0 -8.0 -9.0 5.0 -9.0 3.0 6.0 7.0 9.0 -9.0 4.0 0.0 6.0 2.92805246159 -2.0 3.0 4.0 0.0 
-2.0 -5.0 5.0 0.0 -2.0 2.0 1.0 2.0 -2.0 2.0 0.0 -6.0 3.0 -1.0 -7.0 3.0 -4.0 7.0 -3.0 -1.0 8.0 1.0 3.0 9.0 
8.0 3.0 2.0 0.0 2.0 -2.0 -4.0 4.0 5.0 3.0 -3.0 4.0 6.0 -4.0 -9.0 1.0 5.0 1.0 -7.0 4.0 2.0 4.0 0.0 -7.0 
-7.0 2.0 4.0 0.0 1.0 -4.0 -6.0 5.0 9.0 0.0 -1.0 -4.0 3.0 5.0 3.0 6.0 -6.0 6.0 6.0 -1.0 -8.0 5.0 3.0 -9.0 
4.0 3.0 -3.0 -8.0 2.0 4.0 5.0 0.0 2.0 -7.0 -8.0 0.484706034978 -4.0 9.51426471602 3.0 -4.0 5.0 -9.0 5.0 -2.0 8.0 -5.0 9.0 -7.0 
-4.01305793784 1.0 -5.0 -9.0 -2.0 5.0 9.0 2.0 7.0 13.5152563695 -3.22672508206 -8.0 -4.0 3.0 8.0 0.0 1.0 -7.0 -1.0 0.0 1.0 1.0 1.0 -4.0 
0.366496760949 0.0 -8.0 5.0 2.0 3.0 0.0 -7.0 13.5152563695 -1.0 8.0 3.0 5.0 -2.68010264555 7.0 -8.0 -6.0 -7.0 2.0 -1.0 -7.0 -4.0 -3.0 -9.0 
-1.0 -7.0 8.0 -9.0 0.0 -3.0 -1.0 -8.0 -3.22672508206 8.0 7.0 -7.0 4.0 -1.0 -7.0 6.31476728624 2.0 6.0 4.0 0.0 -9.0 -3.71738009223 0.0 -6.0 
4.0 -2.0 9.0 3.0 -6.0 4.0 -4.0 0.484706034978 -8.0 3.0 -7.0 -4.0 -9.0 1.0 -2.0 1.0 6.0 8.0 -6.0 7.0 9.0 -5.0 6.0 9.0 
1.0 -9.0 4.0 6.0 3.0 6.0 3.0 -4.0 -4.0 5.0 4.0 -9.0 6.0 -1.0 0.0 8.0 2.0 -7.0 3.0 -2.0 -5.0 -7.0 -1.0 -3.0 
2.0 8.0 7.0 7.0 -1.0 -4.0 5.0 9.51426471602 3.0 -2.68010264555 -1.0 1.0 -1.0 -3.0 3.0 4.0 -1.0 9.0 -3.0 8.0 -5.0 7.0 1.0 -3.0 
-1.0 -7.0 8.0 9.0 -7.0 -9.0 3.0 3.0 8.0 7.0 -7.0 -2.0 0.0 3.0 0.0 1.0 9.0 0.0 4.0 5.0 7.0 -3.0 0.0 -6.0 
-7.95592766838 2.0 1.0 -9.0 3.0 1.0 6.0 -4.0 0.0 -8.0 6.31476728624 1.0 8.0 4.0 1.0 2.0 -7.0 8.0 -7.0 4.0 6.0 4.0 -5.0 8.0 
7.0 -4.0 -2.0 4.0 -4.0 5.0 -6.0 5.0 1.0 -6.0 2.0 6.0 2.0 -1.0 9.0 -7.0 0.0 0.0 2.0 -7.0 -6.0 -8.0 -6.0 -1.0 
7.0 -4.0 -7.0 0.0 7.0 1.0 6.0 -9.0 -7.0 -7.0 6.0 8.0 -7.0 9.0 0.0 8.0 0.0 6.0 -1.0 -1.0 -6.0 4.0 -12.5129014409 7.0 
4.0 2.0 4.0 6.0 -3.0 -7.0 6.0 5.0 -1.0 2.0 4.0 -6.0 3.0 -3.0 4.0 -7.0 2.0 -1.0 -2.0 0.0 -9.0 0.0 6.0 3.0 
-8.0 0.0 1.0 2.92805246159 -1.0 4.0 -1.0 -2.0 0.0 -1.0 0.0 7.0 -2.0 8.0 5.0 4.0 -7.0 -1.0 0.0 5.0 9.0 9.03711191446 5.0 -8.0 
-1.0 0.0 1.0 -2.0 8.0 2.0 -8.0 8.0 1.0 -7.0 -9.0 9.0 -5.0 -5.0 7.0 6.0 -6.0 -6.0 -9.0 9.0 -7.0 -8.0 7.0 -7.0 
8.0 6.0 0.0 3.0 1.0 4.0 5.0 -5.0 1.0 -4.0 -3.71738009223 -5.0 -7.0 7.0 -3.0 4.0 -8.0 4.0 0.0 9.03711191446 -8.0 4.0 1.0 -8.0 
-1.0 -7.0 7.0 4.0 3.0 0.0 3.0 9.0 1.0 -3.0 0.0 6.0 -1.0 1.0 0.0 -5.0 -6.0 -12.5129014409 6.0 5.0 7.0 1.0 8.0 -4.0 
6.45980120008 8.0 -2.5184704046 0.0 9.0 -7.0 -9.0 -7.0 -4.0 -9.0 -6.0 9.0 -3.0 -3.0 -6.0 8.0 -1.0 7.0 3.0 -8.0 -7.0 -8.0 -4.0 5.0 

