763.445676532
760.765360945
755.381009569
734.910579034
624.384826811
598.420238698
536.113669476
525.223525789
524.284819332
508.943426353
500.348545739
474.884647953
473.546400147
469.20587263
464.349201508
397.678058927
393.39331763
339.128142722
325.287101403
308.992827507
308.807142528
307.366981362
306.589968592
303.367745279
299.356079283
298.683097722
298.113497459
288.034800284
285.387969027
253.598964294
245.818901724
245.664694323
241.913743935
236.242199292
208.193833836
207.969360798
189.486282129
181.235071688
170.781122242
164.89638695
160.653409368
149.474005727
133.957552921
125.037515198
122.77474063
107.895939653
104.205166088
97.7466436946
85.7653531109
