1082.13709485
1059.63756879
1058.28141055
988.968286915
916.02216319
882.297241921
831.936419877
806.657696842
710.643821404
669.269162189
640.362661261
614.394875281
586.313148612
581.588232272
547.862677623
533.202231688
515.946044326
505.024657071
490.505769738
486.278735765
468.983111492
462.77367397
458.477741956
457.11758311
445.59957078
436.651363325
427.323931942
417.812982793
410.473101819
402.416711486
385.727200348
376.31394357
375.457940586
373.28295362
347.441828399
342.95979769
340.751499389
333.341380447
325.662451309
318.272825586
302.892127424
302.562816969
302.03042251
282.752256695
251.10370405
243.144569138
197.671008558
160.965613579
138.57197111
120.141903337
