1082.137095 1.000000
1059.637569 0.980000
1058.281411 0.960000
988.968287 0.940000
916.022163 0.920000
882.297242 0.900000
831.936420 0.880000
806.657697 0.860000
763.445677 0.840000
760.765361 0.840000
755.381010 0.840000
734.910579 0.840000
710.643821 0.840000
669.269162 0.820000
640.362661 0.800000
624.384827 0.780000
614.394875 0.780000
598.420239 0.760000
586.313149 0.760000
581.588232 0.740000
547.862678 0.720000
536.113669 0.700000
533.202232 0.700000
525.223526 0.680000
524.284819 0.680000
515.946044 0.680000
508.943426 0.660000
505.024657 0.660000
500.348546 0.640000
490.505770 0.640000
486.278736 0.620000
474.884648 0.600000
473.546400 0.600000
469.205873 0.600000
468.983111 0.600000
464.349202 0.580000
462.773674 0.580000
458.477742 0.560000
457.117583 0.540000
445.599571 0.520000
436.651363 0.500000
427.323932 0.480000
417.812983 0.460000
410.473102 0.440000
402.416711 0.420000
397.678059 0.400000
393.393318 0.400000
385.727200 0.400000
376.313944 0.380000
375.457941 0.360000
373.282954 0.340000
347.441828 0.320000
342.959798 0.300000
340.751499 0.280000
339.128143 0.260000
333.341380 0.260000
325.662451 0.240000
325.287101 0.220000
318.272826 0.220000
308.992828 0.200000
308.807143 0.200000
307.366981 0.200000
306.589969 0.200000
303.367745 0.200000
302.892127 0.200000
302.562817 0.180000
302.030423 0.160000
299.356079 0.140000
298.683098 0.140000
298.113497 0.140000
288.034800 0.140000
285.387969 0.140000
282.752257 0.140000
253.598964 0.120000
251.103704 0.120000
245.818902 0.100000
245.664694 0.100000
243.144569 0.100000
241.913744 0.080000
236.242199 0.080000
208.193834 0.080000
207.969361 0.080000
197.671009 0.080000
189.486282 0.060000
181.235072 0.060000
170.781122 0.060000
164.896387 0.060000
160.965614 0.060000
160.653409 0.040000
149.474006 0.040000
138.571971 0.040000
133.957553 0.020000
125.037515 0.020000
122.774741 0.020000
120.141903 0.020000
107.895940 0.000000
104.205166 0.000000
97.746644 0.000000
85.765353 0.000000
85.765353 0.000000
