1082.137095 1.000000
1059.637569 1.000000
1058.281411 1.000000
988.968287 1.000000
916.022163 1.000000
882.297242 1.000000
831.936420 1.000000
806.657697 1.000000
763.445677 1.000000
760.765361 0.979592
755.381010 0.959184
734.910579 0.938776
710.643821 0.918367
669.269162 0.918367
640.362661 0.918367
624.384827 0.918367
614.394875 0.897959
598.420239 0.897959
586.313149 0.877551
581.588232 0.877551
547.862678 0.877551
536.113669 0.877551
533.202232 0.857143
525.223526 0.857143
524.284819 0.836735
515.946044 0.816327
508.943426 0.816327
505.024657 0.795918
500.348546 0.795918
490.505770 0.775510
486.278736 0.775510
474.884648 0.775510
473.546400 0.755102
469.205873 0.734694
468.983111 0.714286
464.349202 0.714286
462.773674 0.693878
458.477742 0.693878
457.117583 0.693878
445.599571 0.693878
436.651363 0.693878
427.323932 0.693878
417.812983 0.693878
410.473102 0.693878
402.416711 0.693878
397.678059 0.693878
393.393318 0.673469
385.727200 0.653061
376.313944 0.653061
375.457941 0.653061
373.282954 0.653061
347.441828 0.653061
342.959798 0.653061
340.751499 0.653061
339.128143 0.653061
333.341380 0.632653
325.662451 0.632653
325.287101 0.632653
318.272826 0.612245
308.992828 0.612245
308.807143 0.591837
307.366981 0.571429
306.589969 0.551020
303.367745 0.530612
302.892127 0.510204
302.562817 0.510204
302.030423 0.510204
299.356079 0.510204
298.683098 0.489796
298.113497 0.469388
288.034800 0.448980
285.387969 0.428571
282.752257 0.408163
253.598964 0.408163
251.103704 0.387755
245.818902 0.387755
245.664694 0.367347
243.144569 0.346939
241.913744 0.346939
236.242199 0.326531
208.193834 0.306122
207.969361 0.285714
197.671009 0.265306
189.486282 0.265306
181.235072 0.244898
170.781122 0.224490
164.896387 0.204082
160.965614 0.183673
160.653409 0.183673
149.474006 0.163265
138.571971 0.142857
133.957553 0.142857
125.037515 0.122449
122.774741 0.102041
120.141903 0.081633
107.895940 0.081633
104.205166 0.061224
97.746644 0.040816
85.765353 0.020408
85.765353 0.000000
