374.000000 1.000000
169.000000 1.000000
138.000000 1.000000
115.000000 1.000000
101.000000 1.000000
92.000000 1.000000
91.000000 1.000000
88.000000 1.000000
87.000000 1.000000
81.000000 1.000000
77.000000 0.979592
76.000000 0.979592
75.000000 0.979592
74.000000 0.979592
73.000000 0.979592
70.000000 0.979592
69.000000 0.959184
68.000000 0.938776
67.000000 0.918367
66.000000 0.897959
64.000000 0.897959
63.000000 0.877551
62.000000 0.877551
61.000000 0.877551
60.000000 0.857143
59.000000 0.836735
57.000000 0.836735
56.000000 0.816327
53.000000 0.795918
52.000000 0.795918
51.000000 0.795918
50.000000 0.734694
49.000000 0.734694
48.000000 0.734694
47.000000 0.673469
46.000000 0.632653
45.000000 0.612245
44.000000 0.551020
43.000000 0.551020
42.000000 0.530612
41.000000 0.510204
40.000000 0.469388
38.000000 0.448980
37.000000 0.408163
36.000000 0.387755
35.000000 0.367347
34.000000 0.346939
32.000000 0.244898
31.000000 0.183673
27.000000 0.163265
25.000000 0.122449
24.000000 0.081633
23.000000 0.040816
20.000000 0.020408
20.000000 0.000000
