275.000000 1.000000
108.000000 1.000000
85.000000 1.000000
73.000000 1.000000
62.000000 1.000000
56.000000 1.000000
54.000000 1.000000
53.000000 1.000000
48.000000 1.000000
47.000000 1.000000
45.000000 0.979592
43.000000 0.979592
42.000000 0.979592
41.000000 0.959184
40.000000 0.918367
39.000000 0.897959
38.000000 0.877551
37.000000 0.877551
36.000000 0.877551
35.000000 0.857143
34.000000 0.836735
33.000000 0.836735
32.000000 0.836735
31.000000 0.795918
30.000000 0.775510
29.000000 0.714286
28.000000 0.653061
27.000000 0.571429
26.000000 0.489796
25.000000 0.387755
24.000000 0.387755
23.000000 0.326531
22.000000 0.265306
21.000000 0.204082
20.000000 0.163265
18.000000 0.142857
17.000000 0.081633
16.000000 0.061224
15.000000 0.040816
15.000000 0.000000
