275.000000 1.000000
108.000000 0.980000
85.000000 0.960000
73.000000 0.940000
62.000000 0.920000
56.000000 0.900000
54.000000 0.880000
53.000000 0.860000
48.000000 0.840000
47.000000 0.820000
45.000000 0.820000
43.000000 0.780000
42.000000 0.740000
41.000000 0.720000
40.000000 0.680000
39.000000 0.680000
38.000000 0.620000
37.000000 0.600000
36.000000 0.560000
35.000000 0.500000
34.000000 0.500000
33.000000 0.480000
32.000000 0.460000
31.000000 0.420000
30.000000 0.300000
29.000000 0.280000
28.000000 0.220000
27.000000 0.180000
26.000000 0.140000
25.000000 0.100000
24.000000 0.060000
23.000000 0.040000
22.000000 0.000000
21.000000 0.000000
20.000000 0.000000
18.000000 0.000000
17.000000 0.000000
16.000000 0.000000
15.000000 0.000000
15.000000 0.000000
