0.000000 0.000000
0.000000 0.020000
0.000000 0.040000
0.000000 0.060000
0.000000 0.100000
0.000000 0.120000
0.000000 0.180000
0.000000 0.200000
0.000000 0.220000
0.000000 0.240000
0.020408 0.240000
0.020408 0.260000
0.020408 0.280000
0.020408 0.300000
0.020408 0.320000
0.020408 0.380000
0.040816 0.400000
0.061224 0.460000
0.081633 0.460000
0.102041 0.460000
0.102041 0.480000
0.122449 0.480000
0.122449 0.520000
0.122449 0.560000
0.142857 0.560000
0.163265 0.580000
0.163265 0.600000
0.183673 0.600000
0.204082 0.600000
0.204082 0.620000
0.204082 0.660000
0.265306 0.660000
0.265306 0.680000
0.265306 0.740000
0.326531 0.800000
0.367347 0.800000
0.387755 0.840000
0.448980 0.840000
0.448980 0.880000
0.469388 0.900000
0.489796 0.940000
0.530612 0.940000
0.551020 0.940000
0.591837 0.960000
0.612245 0.980000
0.632653 1.000000
0.653061 1.000000
0.755102 1.000000
0.816327 1.000000
0.836735 1.000000
0.877551 1.000000
0.918367 1.000000
0.959184 1.000000
0.979592 1.000000
1.000000 1.000000
