0.000000 0.000000
0.000000 0.020000
0.000000 0.040000
0.000000 0.060000
0.000000 0.080000
0.000000 0.100000
0.000000 0.120000
0.000000 0.140000
0.000000 0.160000
0.000000 0.180000
0.020408 0.180000
0.020408 0.220000
0.020408 0.260000
0.040816 0.280000
0.081633 0.320000
0.102041 0.320000
0.122449 0.380000
0.122449 0.400000
0.122449 0.440000
0.142857 0.500000
0.163265 0.500000
0.163265 0.520000
0.163265 0.540000
0.204082 0.580000
0.224490 0.700000
0.285714 0.720000
0.346939 0.780000
0.428571 0.820000
0.510204 0.860000
0.612245 0.900000
0.612245 0.940000
0.673469 0.960000
0.734694 1.000000
0.795918 1.000000
0.836735 1.000000
0.857143 1.000000
0.918367 1.000000
0.938776 1.000000
0.959184 1.000000
1.000000 1.000000
