374.000000 1.000000
169.000000 0.980000
138.000000 0.960000
115.000000 0.940000
101.000000 0.900000
92.000000 0.880000
91.000000 0.820000
88.000000 0.800000
87.000000 0.780000
81.000000 0.760000
77.000000 0.760000
76.000000 0.740000
75.000000 0.720000
74.000000 0.700000
73.000000 0.680000
70.000000 0.620000
69.000000 0.600000
68.000000 0.540000
67.000000 0.540000
66.000000 0.540000
64.000000 0.520000
63.000000 0.520000
62.000000 0.480000
61.000000 0.440000
60.000000 0.440000
59.000000 0.420000
57.000000 0.400000
56.000000 0.400000
53.000000 0.400000
52.000000 0.380000
51.000000 0.340000
50.000000 0.340000
49.000000 0.320000
48.000000 0.260000
47.000000 0.200000
46.000000 0.200000
45.000000 0.160000
44.000000 0.160000
43.000000 0.120000
42.000000 0.100000
41.000000 0.060000
40.000000 0.060000
38.000000 0.060000
37.000000 0.040000
36.000000 0.020000
35.000000 0.000000
34.000000 0.000000
32.000000 0.000000
31.000000 0.000000
27.000000 0.000000
25.000000 0.000000
24.000000 0.000000
23.000000 0.000000
20.000000 0.000000
20.000000 0.000000
