921.000000 1.000000
896.000000 1.000000
843.000000 1.000000
832.000000 1.000000
772.000000 1.000000
754.000000 1.000000
689.000000 1.000000
638.000000 1.000000
627.000000 1.000000
620.000000 0.979592
613.000000 0.959184
601.000000 0.938776
586.000000 0.918367
558.000000 0.918367
541.000000 0.897959
537.000000 0.897959
504.000000 0.897959
485.000000 0.877551
460.000000 0.877551
441.000000 0.877551
439.000000 0.857143
436.000000 0.857143
431.000000 0.857143
428.000000 0.857143
419.000000 0.836735
417.000000 0.816327
407.000000 0.795918
405.000000 0.775510
400.000000 0.775510
398.000000 0.775510
397.000000 0.775510
389.000000 0.755102
387.000000 0.755102
386.000000 0.734694
385.000000 0.734694
371.000000 0.714286
369.000000 0.714286
365.000000 0.714286
364.000000 0.693878
362.000000 0.693878
343.000000 0.693878
340.000000 0.693878
336.000000 0.693878
334.000000 0.673469
323.000000 0.653061
320.000000 0.653061
319.000000 0.653061
307.000000 0.653061
306.000000 0.653061
301.000000 0.653061
297.000000 0.653061
295.000000 0.653061
289.000000 0.632653
275.000000 0.632653
269.000000 0.632653
264.000000 0.612245
256.000000 0.591837
252.000000 0.591837
247.000000 0.571429
246.000000 0.571429
243.000000 0.571429
242.000000 0.551020
241.000000 0.510204
240.000000 0.489796
233.000000 0.469388
231.000000 0.448980
229.000000 0.428571
228.000000 0.428571
222.000000 0.408163
221.000000 0.408163
219.000000 0.408163
208.000000 0.387755
205.000000 0.367347
199.000000 0.346939
195.000000 0.326531
181.000000 0.326531
180.000000 0.306122
178.000000 0.306122
157.000000 0.285714
156.000000 0.265306
143.000000 0.244898
138.000000 0.224490
135.000000 0.204082
127.000000 0.183673
125.000000 0.183673
119.000000 0.163265
115.000000 0.142857
111.000000 0.122449
102.000000 0.102041
100.000000 0.102041
96.000000 0.081633
93.000000 0.061224
88.000000 0.040816
82.000000 0.020408
82.000000 0.000000
