921.000000 1.000000
896.000000 0.980000
843.000000 0.960000
832.000000 0.940000
772.000000 0.920000
754.000000 0.900000
689.000000 0.880000
638.000000 0.860000
627.000000 0.840000
620.000000 0.840000
613.000000 0.840000
601.000000 0.840000
586.000000 0.840000
558.000000 0.820000
541.000000 0.820000
537.000000 0.800000
504.000000 0.760000
485.000000 0.760000
460.000000 0.740000
441.000000 0.720000
439.000000 0.720000
436.000000 0.700000
431.000000 0.680000
428.000000 0.660000
419.000000 0.640000
417.000000 0.640000
407.000000 0.640000
405.000000 0.620000
400.000000 0.600000
398.000000 0.580000
397.000000 0.560000
389.000000 0.560000
387.000000 0.540000
386.000000 0.540000
385.000000 0.520000
371.000000 0.520000
369.000000 0.500000
365.000000 0.480000
364.000000 0.480000
362.000000 0.460000
343.000000 0.440000
340.000000 0.420000
336.000000 0.400000
334.000000 0.400000
323.000000 0.400000
320.000000 0.380000
319.000000 0.360000
307.000000 0.340000
306.000000 0.320000
301.000000 0.300000
297.000000 0.280000
295.000000 0.260000
289.000000 0.260000
275.000000 0.240000
269.000000 0.220000
264.000000 0.220000
256.000000 0.220000
252.000000 0.200000
247.000000 0.200000
246.000000 0.180000
243.000000 0.160000
242.000000 0.160000
241.000000 0.160000
240.000000 0.160000
233.000000 0.160000
231.000000 0.160000
229.000000 0.160000
228.000000 0.140000
222.000000 0.140000
221.000000 0.120000
219.000000 0.100000
208.000000 0.100000
205.000000 0.100000
199.000000 0.100000
195.000000 0.100000
181.000000 0.080000
180.000000 0.080000
178.000000 0.060000
157.000000 0.060000
156.000000 0.060000
143.000000 0.060000
138.000000 0.060000
135.000000 0.060000
127.000000 0.060000
125.000000 0.040000
119.000000 0.040000
115.000000 0.040000
111.000000 0.040000
102.000000 0.020000
100.000000 0.000000
96.000000 0.000000
93.000000 0.000000
88.000000 0.000000
82.000000 0.000000
82.000000 0.000000
