241.000000 1.000000
86.000000 0.980000
64.000000 0.960000
53.000000 0.940000
52.000000 0.920000
43.000000 0.900000
42.000000 0.880000
41.000000 0.820000
40.000000 0.800000
39.000000 0.760000
37.000000 0.720000
36.000000 0.680000
35.000000 0.640000
34.000000 0.520000
33.000000 0.480000
32.000000 0.480000
31.000000 0.460000
30.000000 0.360000
29.000000 0.300000
28.000000 0.200000
27.000000 0.140000
26.000000 0.140000
25.000000 0.100000
24.000000 0.060000
23.000000 0.060000
22.000000 0.060000
21.000000 0.020000
20.000000 0.000000
19.000000 0.000000
18.000000 0.000000
17.000000 0.000000
15.000000 0.000000
15.000000 0.000000
