241.000000 1.000000
86.000000 1.000000
64.000000 1.000000
53.000000 1.000000
52.000000 1.000000
43.000000 1.000000
42.000000 0.979592
41.000000 0.979592
40.000000 0.979592
39.000000 0.979592
37.000000 0.979592
36.000000 0.979592
35.000000 0.959184
34.000000 0.938776
33.000000 0.938776
32.000000 0.918367
31.000000 0.836735
30.000000 0.816327
29.000000 0.795918
28.000000 0.734694
27.000000 0.653061
26.000000 0.632653
25.000000 0.551020
24.000000 0.469388
23.000000 0.326531
22.000000 0.285714
21.000000 0.204082
20.000000 0.204082
19.000000 0.163265
18.000000 0.142857
17.000000 0.061224
15.000000 0.040816
15.000000 0.000000
