0.000000 0.000000
0.000000 0.020000
0.000000 0.040000
0.000000 0.060000
0.000000 0.080000
0.000000 0.100000
0.020408 0.120000
0.020408 0.180000
0.020408 0.200000
0.020408 0.240000
0.020408 0.280000
0.020408 0.320000
0.040816 0.360000
0.061224 0.480000
0.061224 0.520000
0.081633 0.520000
0.163265 0.540000
0.183673 0.640000
0.204082 0.700000
0.265306 0.800000
0.346939 0.860000
0.367347 0.860000
0.448980 0.900000
0.530612 0.940000
0.673469 0.940000
0.714286 0.940000
0.795918 0.980000
0.795918 1.000000
0.836735 1.000000
0.857143 1.000000
0.938776 1.000000
0.959184 1.000000
1.000000 1.000000
