275.000000 1.000000
113.000000 1.000000
109.000000 1.000000
100.000000 1.000000
91.000000 1.000000
86.000000 1.000000
85.000000 1.000000
83.000000 1.000000
81.000000 1.000000
80.000000 1.000000
79.000000 1.000000
78.000000 1.000000
76.000000 1.000000
75.000000 1.000000
74.000000 1.000000
72.000000 1.000000
71.000000 1.000000
67.000000 1.000000
66.000000 0.979592
65.000000 0.979592
63.000000 0.979592
62.000000 0.959184
61.000000 0.938776
60.000000 0.938776
59.000000 0.897959
58.000000 0.877551
57.000000 0.877551
56.000000 0.836735
55.000000 0.836735
54.000000 0.816327
53.000000 0.795918
52.000000 0.775510
51.000000 0.755102
50.000000 0.714286
49.000000 0.714286
48.000000 0.714286
47.000000 0.714286
46.000000 0.693878
45.000000 0.653061
44.000000 0.632653
43.000000 0.571429
41.000000 0.551020
40.000000 0.510204
39.000000 0.510204
38.000000 0.448980
37.000000 0.408163
36.000000 0.387755
35.000000 0.346939
32.000000 0.346939
31.000000 0.326531
30.000000 0.306122
29.000000 0.265306
27.000000 0.204082
26.000000 0.142857
25.000000 0.081633
24.000000 0.061224
22.000000 0.040816
15.000000 0.020408
15.000000 0.000000
