275.000000 1.000000
113.000000 0.980000
109.000000 0.960000
100.000000 0.940000
91.000000 0.920000
86.000000 0.900000
85.000000 0.880000
83.000000 0.860000
81.000000 0.840000
80.000000 0.820000
79.000000 0.800000
78.000000 0.780000
76.000000 0.760000
75.000000 0.740000
74.000000 0.720000
72.000000 0.700000
71.000000 0.680000
67.000000 0.660000
66.000000 0.640000
65.000000 0.620000
63.000000 0.600000
62.000000 0.580000
61.000000 0.560000
60.000000 0.520000
59.000000 0.520000
58.000000 0.520000
57.000000 0.500000
56.000000 0.500000
55.000000 0.420000
54.000000 0.420000
53.000000 0.400000
52.000000 0.360000
51.000000 0.340000
50.000000 0.340000
49.000000 0.320000
48.000000 0.260000
47.000000 0.240000
46.000000 0.240000
45.000000 0.220000
44.000000 0.200000
43.000000 0.200000
41.000000 0.180000
40.000000 0.100000
39.000000 0.060000
38.000000 0.060000
37.000000 0.060000
36.000000 0.060000
35.000000 0.060000
32.000000 0.040000
31.000000 0.020000
30.000000 0.020000
29.000000 0.020000
27.000000 0.020000
26.000000 0.000000
25.000000 0.000000
24.000000 0.000000
22.000000 0.000000
15.000000 0.000000
15.000000 0.000000
