379.000000 1.000000
179.000000 1.000000
145.000000 1.000000
126.000000 1.000000
123.000000 1.000000
117.000000 1.000000
114.000000 1.000000
113.000000 1.000000
108.000000 1.000000
104.000000 1.000000
103.000000 1.000000
98.000000 0.979592
97.000000 0.979592
92.000000 0.979592
90.000000 0.979592
87.000000 0.979592
86.000000 0.979592
83.000000 0.959184
80.000000 0.959184
79.000000 0.938776
78.000000 0.938776
77.000000 0.938776
76.000000 0.918367
74.000000 0.918367
73.000000 0.897959
72.000000 0.877551
71.000000 0.877551
70.000000 0.857143
68.000000 0.836735
66.000000 0.816327
65.000000 0.816327
64.000000 0.795918
62.000000 0.795918
61.000000 0.775510
60.000000 0.775510
59.000000 0.755102
58.000000 0.734694
57.000000 0.714286
56.000000 0.693878
55.000000 0.673469
54.000000 0.653061
53.000000 0.632653
52.000000 0.612245
51.000000 0.612245
50.000000 0.551020
49.000000 0.530612
48.000000 0.530612
47.000000 0.530612
46.000000 0.510204
44.000000 0.469388
42.000000 0.448980
40.000000 0.428571
39.000000 0.408163
38.000000 0.367347
37.000000 0.346939
36.000000 0.326531
34.000000 0.265306
33.000000 0.224490
32.000000 0.183673
31.000000 0.142857
29.000000 0.122449
27.000000 0.102041
25.000000 0.081633
24.000000 0.061224
21.000000 0.020408
21.000000 0.000000
