277.000000 1.000000
117.000000 0.980000
93.000000 0.960000
75.000000 0.940000
72.000000 0.920000
59.000000 0.900000
58.000000 0.880000
57.000000 0.860000
53.000000 0.840000
52.000000 0.820000
51.000000 0.800000
46.000000 0.800000
45.000000 0.760000
44.000000 0.720000
43.000000 0.660000
42.000000 0.620000
40.000000 0.580000
39.000000 0.560000
38.000000 0.540000
37.000000 0.520000
36.000000 0.440000
35.000000 0.440000
34.000000 0.420000
33.000000 0.380000
32.000000 0.340000
31.000000 0.300000
30.000000 0.240000
29.000000 0.180000
28.000000 0.160000
27.000000 0.140000
25.000000 0.080000
24.000000 0.040000
23.000000 0.000000
22.000000 0.000000
21.000000 0.000000
20.000000 0.000000
18.000000 0.000000
16.000000 0.000000
15.000000 0.000000
15.000000 0.000000
