277.000000 1.000000
117.000000 1.000000
93.000000 1.000000
75.000000 1.000000
72.000000 1.000000
59.000000 1.000000
58.000000 1.000000
57.000000 1.000000
53.000000 1.000000
52.000000 1.000000
51.000000 1.000000
46.000000 0.979592
45.000000 0.979592
44.000000 0.979592
43.000000 0.959184
42.000000 0.959184
40.000000 0.877551
39.000000 0.877551
38.000000 0.857143
37.000000 0.857143
36.000000 0.857143
35.000000 0.836735
34.000000 0.836735
33.000000 0.775510
32.000000 0.775510
31.000000 0.755102
30.000000 0.714286
29.000000 0.714286
28.000000 0.551020
27.000000 0.448980
25.000000 0.387755
24.000000 0.326531
23.000000 0.244898
22.000000 0.204082
21.000000 0.183673
20.000000 0.163265
18.000000 0.142857
16.000000 0.061224
15.000000 0.040816
15.000000 0.000000
