0.000000 0.000000
0.000000 0.020000
0.000000 0.040000
0.000000 0.060000
0.000000 0.080000
0.000000 0.100000
0.000000 0.120000
0.000000 0.140000
0.000000 0.160000
0.000000 0.180000
0.000000 0.200000
0.020408 0.200000
0.020408 0.240000
0.020408 0.280000
0.040816 0.340000
0.040816 0.380000
0.122449 0.420000
0.122449 0.440000
0.142857 0.460000
0.142857 0.480000
0.142857 0.560000
0.163265 0.560000
0.163265 0.580000
0.224490 0.620000
0.224490 0.660000
0.244898 0.700000
0.285714 0.760000
0.285714 0.820000
0.448980 0.840000
0.551020 0.860000
0.612245 0.920000
0.673469 0.960000
0.755102 1.000000
0.795918 1.000000
0.816327 1.000000
0.836735 1.000000
0.857143 1.000000
0.938776 1.000000
0.959184 1.000000
1.000000 1.000000
