961.000000 1.000000
928.000000 0.980000
894.000000 0.960000
873.000000 0.940000
814.000000 0.920000
800.000000 0.900000
727.000000 0.880000
673.000000 0.860000
661.000000 0.840000
657.000000 0.840000
650.000000 0.840000
640.000000 0.840000
611.000000 0.840000
578.000000 0.820000
577.000000 0.820000
569.000000 0.800000
561.000000 0.780000
539.000000 0.760000
512.000000 0.760000
487.000000 0.740000
469.000000 0.720000
466.000000 0.700000
463.000000 0.680000
456.000000 0.680000
448.000000 0.660000
446.000000 0.660000
439.000000 0.640000
428.000000 0.640000
425.000000 0.640000
424.000000 0.620000
419.000000 0.600000
417.000000 0.580000
410.000000 0.560000
408.000000 0.560000
405.000000 0.540000
404.000000 0.540000
402.000000 0.540000
400.000000 0.520000
386.000000 0.500000
383.000000 0.480000
380.000000 0.480000
377.000000 0.460000
367.000000 0.440000
355.000000 0.420000
354.000000 0.400000
349.000000 0.400000
341.000000 0.400000
337.000000 0.380000
332.000000 0.360000
325.000000 0.340000
322.000000 0.320000
311.000000 0.300000
308.000000 0.280000
304.000000 0.260000
288.000000 0.240000
277.000000 0.220000
273.000000 0.220000
272.000000 0.200000
269.000000 0.200000
265.000000 0.200000
261.000000 0.180000
260.000000 0.160000
256.000000 0.160000
253.000000 0.160000
252.000000 0.160000
242.000000 0.160000
239.000000 0.160000
234.000000 0.140000
233.000000 0.120000
230.000000 0.100000
213.000000 0.100000
211.000000 0.100000
208.000000 0.100000
203.000000 0.100000
187.000000 0.080000
186.000000 0.060000
165.000000 0.060000
160.000000 0.060000
151.000000 0.060000
143.000000 0.060000
141.000000 0.060000
133.000000 0.060000
125.000000 0.040000
120.000000 0.040000
114.000000 0.040000
113.000000 0.020000
105.000000 0.020000
104.000000 0.000000
102.000000 0.000000
95.000000 0.000000
90.000000 0.000000
83.000000 0.000000
83.000000 0.000000
