961.000000 1.000000
928.000000 1.000000
894.000000 1.000000
873.000000 1.000000
814.000000 1.000000
800.000000 1.000000
727.000000 1.000000
673.000000 1.000000
661.000000 1.000000
657.000000 0.979592
650.000000 0.959184
640.000000 0.938776
611.000000 0.918367
578.000000 0.918367
577.000000 0.897959
569.000000 0.897959
561.000000 0.897959
539.000000 0.897959
512.000000 0.877551
487.000000 0.877551
469.000000 0.877551
466.000000 0.877551
463.000000 0.877551
456.000000 0.857143
448.000000 0.857143
446.000000 0.836735
439.000000 0.816327
428.000000 0.795918
425.000000 0.775510
424.000000 0.775510
419.000000 0.775510
417.000000 0.775510
410.000000 0.775510
408.000000 0.755102
405.000000 0.755102
404.000000 0.734694
402.000000 0.714286
400.000000 0.714286
386.000000 0.714286
383.000000 0.714286
380.000000 0.693878
377.000000 0.693878
367.000000 0.693878
355.000000 0.693878
354.000000 0.693878
349.000000 0.673469
341.000000 0.653061
337.000000 0.653061
332.000000 0.653061
325.000000 0.653061
322.000000 0.653061
311.000000 0.653061
308.000000 0.632653
304.000000 0.632653
288.000000 0.632653
277.000000 0.632653
273.000000 0.612245
272.000000 0.612245
269.000000 0.591837
265.000000 0.571429
261.000000 0.571429
260.000000 0.571429
256.000000 0.551020
253.000000 0.510204
252.000000 0.489796
242.000000 0.469388
239.000000 0.428571
234.000000 0.408163
233.000000 0.408163
230.000000 0.408163
213.000000 0.387755
211.000000 0.367347
208.000000 0.346939
203.000000 0.326531
187.000000 0.326531
186.000000 0.306122
165.000000 0.285714
160.000000 0.265306
151.000000 0.244898
143.000000 0.224490
141.000000 0.204082
133.000000 0.183673
125.000000 0.163265
120.000000 0.142857
114.000000 0.122449
113.000000 0.122449
105.000000 0.102041
104.000000 0.102041
102.000000 0.081633
95.000000 0.061224
90.000000 0.040816
83.000000 0.020408
83.000000 0.000000
