243.000000 1.000000
96.000000 0.980000
69.000000 0.960000
61.000000 0.940000
53.000000 0.920000
47.000000 0.900000
46.000000 0.880000
44.000000 0.860000
43.000000 0.820000
42.000000 0.760000
41.000000 0.740000
40.000000 0.700000
38.000000 0.680000
37.000000 0.640000
36.000000 0.580000
35.000000 0.540000
34.000000 0.460000
33.000000 0.460000
32.000000 0.420000
31.000000 0.380000
30.000000 0.280000
29.000000 0.240000
28.000000 0.160000
27.000000 0.120000
26.000000 0.120000
25.000000 0.080000
24.000000 0.040000
23.000000 0.020000
22.000000 0.020000
20.000000 0.000000
19.000000 0.000000
18.000000 0.000000
17.000000 0.000000
15.000000 0.000000
15.000000 0.000000
