0.000000 0.000000
0.000000 0.020000
0.000000 0.040000
0.000000 0.060000
0.000000 0.080000
0.000000 0.100000
0.000000 0.120000
0.020408 0.140000
0.020408 0.180000
0.020408 0.240000
0.020408 0.260000
0.020408 0.300000
0.020408 0.320000
0.040816 0.360000
0.040816 0.420000
0.061224 0.460000
0.102041 0.540000
0.122449 0.540000
0.183673 0.580000
0.204082 0.620000
0.265306 0.720000
0.306122 0.760000
0.346939 0.840000
0.387755 0.880000
0.448980 0.880000
0.530612 0.920000
0.591837 0.960000
0.673469 0.980000
0.734694 0.980000
0.816327 1.000000
0.836735 1.000000
0.877551 1.000000
0.938776 1.000000
0.959184 1.000000
1.000000 1.000000
