243.000000 1.000000
96.000000 1.000000
69.000000 1.000000
61.000000 1.000000
53.000000 1.000000
47.000000 1.000000
46.000000 1.000000
44.000000 0.979592
43.000000 0.979592
42.000000 0.979592
41.000000 0.979592
40.000000 0.979592
38.000000 0.979592
37.000000 0.959184
36.000000 0.959184
35.000000 0.938776
34.000000 0.897959
33.000000 0.877551
32.000000 0.816327
31.000000 0.795918
30.000000 0.734694
29.000000 0.693878
28.000000 0.653061
27.000000 0.612245
26.000000 0.551020
25.000000 0.469388
24.000000 0.408163
23.000000 0.326531
22.000000 0.265306
20.000000 0.183673
19.000000 0.163265
18.000000 0.122449
17.000000 0.061224
15.000000 0.040816
15.000000 0.000000
