277.000000 1.000000
120.000000 1.000000
114.000000 1.000000
113.000000 1.000000
106.000000 1.000000
101.000000 1.000000
98.000000 1.000000
97.000000 1.000000
95.000000 1.000000
94.000000 1.000000
91.000000 1.000000
90.000000 1.000000
87.000000 1.000000
81.000000 1.000000
78.000000 1.000000
76.000000 0.979592
75.000000 0.979592
72.000000 0.959184
70.000000 0.938776
69.000000 0.918367
68.000000 0.897959
67.000000 0.897959
66.000000 0.897959
65.000000 0.877551
64.000000 0.836735
63.000000 0.816327
62.000000 0.816327
61.000000 0.795918
59.000000 0.755102
58.000000 0.734694
56.000000 0.734694
55.000000 0.714286
54.000000 0.693878
53.000000 0.673469
51.000000 0.673469
50.000000 0.673469
49.000000 0.653061
48.000000 0.591837
47.000000 0.571429
46.000000 0.571429
45.000000 0.571429
44.000000 0.551020
42.000000 0.530612
41.000000 0.448980
40.000000 0.428571
39.000000 0.408163
37.000000 0.387755
36.000000 0.367347
34.000000 0.346939
33.000000 0.326531
32.000000 0.285714
31.000000 0.265306
30.000000 0.224490
29.000000 0.204082
28.000000 0.183673
27.000000 0.122449
26.000000 0.061224
22.000000 0.040816
15.000000 0.020408
15.000000 0.000000
