277.000000 1.000000
120.000000 0.980000
114.000000 0.960000
113.000000 0.940000
106.000000 0.920000
101.000000 0.900000
98.000000 0.880000
97.000000 0.860000
95.000000 0.840000
94.000000 0.800000
91.000000 0.780000
90.000000 0.760000
87.000000 0.740000
81.000000 0.720000
78.000000 0.700000
76.000000 0.680000
75.000000 0.640000
72.000000 0.620000
70.000000 0.600000
69.000000 0.580000
68.000000 0.540000
67.000000 0.520000
66.000000 0.480000
65.000000 0.460000
64.000000 0.460000
63.000000 0.440000
62.000000 0.400000
61.000000 0.400000
59.000000 0.380000
58.000000 0.380000
56.000000 0.360000
55.000000 0.360000
54.000000 0.320000
53.000000 0.280000
51.000000 0.260000
50.000000 0.220000
49.000000 0.200000
48.000000 0.200000
47.000000 0.200000
46.000000 0.180000
45.000000 0.140000
44.000000 0.100000
42.000000 0.080000
41.000000 0.060000
40.000000 0.060000
39.000000 0.060000
37.000000 0.040000
36.000000 0.040000
34.000000 0.020000
33.000000 0.020000
32.000000 0.020000
31.000000 0.020000
30.000000 0.020000
29.000000 0.020000
28.000000 0.020000
27.000000 0.000000
26.000000 0.000000
22.000000 0.000000
15.000000 0.000000
15.000000 0.000000
