0.000000 0.000000
0.000000 0.020000
0.000000 0.040000
0.000000 0.060000
0.000000 0.080000
0.000000 0.100000
0.000000 0.120000
0.000000 0.140000
0.000000 0.160000
0.000000 0.200000
0.000000 0.220000
0.000000 0.240000
0.000000 0.260000
0.000000 0.280000
0.000000 0.300000
0.020408 0.320000
0.020408 0.360000
0.040816 0.380000
0.061224 0.400000
0.081633 0.420000
0.102041 0.460000
0.102041 0.480000
0.102041 0.520000
0.122449 0.540000
0.163265 0.540000
0.183673 0.560000
0.183673 0.600000
0.204082 0.600000
0.244898 0.620000
0.265306 0.620000
0.265306 0.640000
0.285714 0.640000
0.306122 0.680000
0.326531 0.720000
0.326531 0.740000
0.326531 0.780000
0.346939 0.800000
0.408163 0.800000
0.428571 0.800000
0.428571 0.820000
0.428571 0.860000
0.448980 0.900000
0.469388 0.920000
0.551020 0.940000
0.571429 0.940000
0.591837 0.940000
0.612245 0.960000
0.632653 0.960000
0.653061 0.980000
0.673469 0.980000
0.714286 0.980000
0.734694 0.980000
0.775510 0.980000
0.795918 0.980000
0.816327 0.980000
0.877551 1.000000
0.938776 1.000000
0.959184 1.000000
0.979592 1.000000
1.000000 1.000000
